(9770, 1)
(9770, 24)
xshape (100, 262)
Tshape (100, 1)
[['weights', matrix([[1.00000000e+00, 8.19426530e-03, 3.07737434e-01, ...,
         0.00000000e+00, 0.00000000e+00, 0.00000000e+00],
        [8.19426530e-03, 6.71459838e-05, 2.52168218e-03, ...,
         0.00000000e+00, 0.00000000e+00, 0.00000000e+00],
        [3.07737434e-01, 2.52168218e-03, 9.47023285e-02, ...,
         0.00000000e+00, 0.00000000e+00, 0.00000000e+00],
        ...,
        [0.00000000e+00, 0.00000000e+00, 0.00000000e+00, ...,
         0.00000000e+00, 0.00000000e+00, 0.00000000e+00],
        [0.00000000e+00, 0.00000000e+00, 0.00000000e+00, ...,
         0.00000000e+00, 0.00000000e+00, 0.00000000e+00],
        [0.00000000e+00, 0.00000000e+00, 0.00000000e+00, ...,
         0.00000000e+00, 0.00000000e+00, 0.00000000e+00]])], ['weights', matrix([[1.        , 0.25236556, 0.37701058, ..., 0.        , 0.        ,
         0.        ],
        [0.25236556, 0.06368838, 0.09514449, ..., 0.        , 0.        ,
         0.        ],
        [0.37701058, 0.09514449, 0.14213698, ..., 0.        , 0.        ,
         0.        ],
        ...,
        [0.        , 0.        , 0.        , ..., 0.        , 0.        ,
         0.        ],
        [0.        , 0.        , 0.        , ..., 0.        , 0.        ,
         0.        ],
        [0.        , 0.        , 0.        , ..., 0.        , 0.        ,
         0.        ]])], ['weights', matrix([[1.00000000e+00, 2.92594985e-02, 2.78868576e-01, ...,
         0.00000000e+00, 0.00000000e+00, 0.00000000e+00],
        [2.92594985e-02, 8.56118252e-04, 8.15955469e-03, ...,
         0.00000000e+00, 0.00000000e+00, 0.00000000e+00],
        [2.78868576e-01, 8.15955469e-03, 7.77676829e-02, ...,
         0.00000000e+00, 0.00000000e+00, 0.00000000e+00],
        ...,
        [0.00000000e+00, 0.00000000e+00, 0.00000000e+00, ...,
         0.00000000e+00, 0.00000000e+00, 0.00000000e+00],
        [0.00000000e+00, 0.00000000e+00, 0.00000000e+00, ...,
         0.00000000e+00, 0.00000000e+00, 0.00000000e+00],
        [0.00000000e+00, 0.00000000e+00, 0.00000000e+00, ...,
         0.00000000e+00, 0.00000000e+00, 0.00000000e+00]])], ['weights', matrix([[1.        , 0.63171075, 0.42007895, ..., 0.        , 0.        ,
         0.        ],
        [0.63171075, 0.39905847, 0.26536839, ..., 0.        , 0.        ,
         0.        ],
        [0.42007895, 0.26536839, 0.17646633, ..., 0.        , 0.        ,
         0.        ],
        ...,
        [0.        , 0.        , 0.        , ..., 0.        , 0.        ,
         0.        ],
        [0.        , 0.        , 0.        , ..., 0.        , 0.        ,
         0.        ],
        [0.        , 0.        , 0.        , ..., 0.        , 0.        ,
         0.        ]])], ['weights', matrix([[1.        , 0.99115949, 0.34642483, ..., 0.        , 0.        ,
         0.        ],
        [0.99115949, 0.98239713, 0.34336226, ..., 0.        , 0.        ,
         0.        ],
        [0.34642483, 0.34336226, 0.12001016, ..., 0.        , 0.        ,
         0.        ],
        ...,
        [0.        , 0.        , 0.        , ..., 0.        , 0.        ,
         0.        ],
        [0.        , 0.        , 0.        , ..., 0.        , 0.        ,
         0.        ],
        [0.        , 0.        , 0.        , ..., 0.        , 0.        ,
         0.        ]])], ['weights', matrix([[1.        , 0.86939106, 0.30188574, ..., 0.        , 0.        ,
         0.        ],
        [0.86939106, 0.75584082, 0.26245676, ..., 0.        , 0.        ,
         0.        ],
        [0.30188574, 0.26245676, 0.091135  , ..., 0.        , 0.        ,
         0.        ],
        ...,
        [0.        , 0.        , 0.        , ..., 0.        , 0.        ,
         0.        ],
        [0.        , 0.        , 0.        , ..., 0.        , 0.        ,
         0.        ],
        [0.        , 0.        , 0.        , ..., 0.        , 0.        ,
         0.        ]])], ['weights', matrix([[1.        , 0.63628042, 0.62887878, ..., 0.        , 0.        ,
         0.        ],
        [0.63628042, 0.40485277, 0.40014325, ..., 0.        , 0.        ,
         0.        ],
        [0.62887878, 0.40014325, 0.39548851, ..., 0.        , 0.        ,
         0.        ],
        ...,
        [0.        , 0.        , 0.        , ..., 0.        , 0.        ,
         0.        ],
        [0.        , 0.        , 0.        , ..., 0.        , 0.        ,
         0.        ],
        [0.        , 0.        , 0.        , ..., 0.        , 0.        ,
         0.        ]])], ['weights', matrix([[1.        , 0.76384575, 0.35017981, ..., 0.        , 0.        ,
         0.        ],
        [0.76384575, 0.58346032, 0.26748336, ..., 0.        , 0.        ,
         0.        ],
        [0.35017981, 0.26748336, 0.1226259 , ..., 0.        , 0.        ,
         0.        ],
        ...,
        [0.        , 0.        , 0.        , ..., 0.        , 0.        ,
         0.        ],
        [0.        , 0.        , 0.        , ..., 0.        , 0.        ,
         0.        ],
        [0.        , 0.        , 0.        , ..., 0.        , 0.        ,
         0.        ]])], ['weights', matrix([[1.        , 0.95279635, 0.33176373, ..., 0.        , 0.        ,
         0.        ],
        [0.95279635, 0.90782088, 0.31610327, ..., 0.        , 0.        ,
         0.        ],
        [0.33176373, 0.31610327, 0.11006718, ..., 0.        , 0.        ,
         0.        ],
        ...,
        [0.        , 0.        , 0.        , ..., 0.        , 0.        ,
         0.        ],
        [0.        , 0.        , 0.        , ..., 0.        , 0.        ,
         0.        ],
        [0.        , 0.        , 0.        , ..., 0.        , 0.        ,
         0.        ]])], ['weights', matrix([[1.        , 0.58475912, 0.53895726, ..., 0.        , 0.        ,
         0.        ],
        [0.58475912, 0.34194323, 0.31516018, ..., 0.        , 0.        ,
         0.        ],
        [0.53895726, 0.31516018, 0.29047493, ..., 0.        , 0.        ,
         0.        ],
        ...,
        [0.        , 0.        , 0.        , ..., 0.        , 0.        ,
         0.        ],
        [0.        , 0.        , 0.        , ..., 0.        , 0.        ,
         0.        ],
        [0.        , 0.        , 0.        , ..., 0.        , 0.        ,
         0.        ]])], ['weights', matrix([[1.        , 0.68571365, 0.88573526, ..., 0.        , 0.        ,
         0.        ],
        [0.68571365, 0.47020321, 0.60736076, ..., 0.        , 0.        ,
         0.        ],
        [0.88573526, 0.60736076, 0.78452696, ..., 0.        , 0.        ,
         0.        ],
        ...,
        [0.        , 0.        , 0.        , ..., 0.        , 0.        ,
         0.        ],
        [0.        , 0.        , 0.        , ..., 0.        , 0.        ,
         0.        ],
        [0.        , 0.        , 0.        , ..., 0.        , 0.        ,
         0.        ]])], ['weights', matrix([[1.        , 0.17638143, 0.41834097, ..., 0.        , 0.        ,
         0.        ],
        [0.17638143, 0.03111041, 0.07378758, ..., 0.        , 0.        ,
         0.        ],
        [0.41834097, 0.07378758, 0.17500916, ..., 0.        , 0.        ,
         0.        ],
        ...,
        [0.        , 0.        , 0.        , ..., 0.        , 0.        ,
         0.        ],
        [0.        , 0.        , 0.        , ..., 0.        , 0.        ,
         0.        ],
        [0.        , 0.        , 0.        , ..., 0.        , 0.        ,
         0.        ]])], ['weights', matrix([[1.        , 0.67206674, 0.50066273, ..., 0.        , 0.        ,
         0.        ],
        [0.67206674, 0.45167371, 0.33647877, ..., 0.        , 0.        ,
         0.        ],
        [0.50066273, 0.33647877, 0.25066317, ..., 0.        , 0.        ,
         0.        ],
        ...,
        [0.        , 0.        , 0.        , ..., 0.        , 0.        ,
         0.        ],
        [0.        , 0.        , 0.        , ..., 0.        , 0.        ,
         0.        ],
        [0.        , 0.        , 0.        , ..., 0.        , 0.        ,
         0.        ]])], ['weights', matrix([[1.00000000e+00, 1.74924580e-03, 4.35128860e-01, ...,
         0.00000000e+00, 0.00000000e+00, 0.00000000e+00],
        [1.74924580e-03, 3.05986087e-06, 7.61147331e-04, ...,
         0.00000000e+00, 0.00000000e+00, 0.00000000e+00],
        [4.35128860e-01, 7.61147331e-04, 1.89337125e-01, ...,
         0.00000000e+00, 0.00000000e+00, 0.00000000e+00],
        ...,
        [0.00000000e+00, 0.00000000e+00, 0.00000000e+00, ...,
         0.00000000e+00, 0.00000000e+00, 0.00000000e+00],
        [0.00000000e+00, 0.00000000e+00, 0.00000000e+00, ...,
         0.00000000e+00, 0.00000000e+00, 0.00000000e+00],
        [0.00000000e+00, 0.00000000e+00, 0.00000000e+00, ...,
         0.00000000e+00, 0.00000000e+00, 0.00000000e+00]])], ['weights', matrix([[1.        , 0.85250138, 0.15016649, ..., 0.        , 0.        ,
         0.        ],
        [0.85250138, 0.72675859, 0.12801714, ..., 0.        , 0.        ,
         0.        ],
        [0.15016649, 0.12801714, 0.02254997, ..., 0.        , 0.        ,
         0.        ],
        ...,
        [0.        , 0.        , 0.        , ..., 0.        , 0.        ,
         0.        ],
        [0.        , 0.        , 0.        , ..., 0.        , 0.        ,
         0.        ],
        [0.        , 0.        , 0.        , ..., 0.        , 0.        ,
         0.        ]])], ['weights', matrix([[1.        , 0.50175156, 0.34648173, ..., 0.        , 0.        ,
         0.        ],
        [0.50175156, 0.25175462, 0.17384775, ..., 0.        , 0.        ,
         0.        ],
        [0.34648173, 0.17384775, 0.12004959, ..., 0.        , 0.        ,
         0.        ],
        ...,
        [0.        , 0.        , 0.        , ..., 0.        , 0.        ,
         0.        ],
        [0.        , 0.        , 0.        , ..., 0.        , 0.        ,
         0.        ],
        [0.        , 0.        , 0.        , ..., 0.        , 0.        ,
         0.        ]])], ['weights', matrix([[1.        , 0.47499508, 0.50535651, ..., 0.        , 0.        ,
         0.        ],
        [0.47499508, 0.22562033, 0.24004186, ..., 0.        , 0.        ,
         0.        ],
        [0.50535651, 0.24004186, 0.2553852 , ..., 0.        , 0.        ,
         0.        ],
        ...,
        [0.        , 0.        , 0.        , ..., 0.        , 0.        ,
         0.        ],
        [0.        , 0.        , 0.        , ..., 0.        , 0.        ,
         0.        ],
        [0.        , 0.        , 0.        , ..., 0.        , 0.        ,
         0.        ]])], ['weights', matrix([[1.        , 0.75970153, 0.64304447, ..., 0.        , 0.        ,
         0.        ],
        [0.75970153, 0.57714642, 0.48852187, ..., 0.        , 0.        ,
         0.        ],
        [0.64304447, 0.48852187, 0.41350619, ..., 0.        , 0.        ,
         0.        ],
        ...,
        [0.        , 0.        , 0.        , ..., 0.        , 0.        ,
         0.        ],
        [0.        , 0.        , 0.        , ..., 0.        , 0.        ,
         0.        ],
        [0.        , 0.        , 0.        , ..., 0.        , 0.        ,
         0.        ]])], ['weights', matrix([[1.        , 0.72764575, 0.29975184, ..., 0.        , 0.        ,
         0.        ],
        [0.72764575, 0.52946833, 0.21811315, ..., 0.        , 0.        ,
         0.        ],
        [0.29975184, 0.21811315, 0.08985117, ..., 0.        , 0.        ,
         0.        ],
        ...,
        [0.        , 0.        , 0.        , ..., 0.        , 0.        ,
         0.        ],
        [0.        , 0.        , 0.        , ..., 0.        , 0.        ,
         0.        ],
        [0.        , 0.        , 0.        , ..., 0.        , 0.        ,
         0.        ]])], ['weights', matrix([[1.        , 0.14641309, 0.61587073, ..., 0.        , 0.        ,
         0.        ],
        [0.14641309, 0.02143679, 0.09017154, ..., 0.        , 0.        ,
         0.        ],
        [0.61587073, 0.09017154, 0.37929676, ..., 0.        , 0.        ,
         0.        ],
        ...,
        [0.        , 0.        , 0.        , ..., 0.        , 0.        ,
         0.        ],
        [0.        , 0.        , 0.        , ..., 0.        , 0.        ,
         0.        ],
        [0.        , 0.        , 0.        , ..., 0.        , 0.        ,
         0.        ]])], ['weights', matrix([[1.00000000e+00, 3.13302154e-02, 6.63834669e-01, ...,
         0.00000000e+00, 0.00000000e+00, 0.00000000e+00],
        [3.13302154e-02, 9.81582397e-04, 2.07980832e-02, ...,
         0.00000000e+00, 0.00000000e+00, 0.00000000e+00],
        [6.63834669e-01, 2.07980832e-02, 4.40676467e-01, ...,
         0.00000000e+00, 0.00000000e+00, 0.00000000e+00],
        ...,
        [0.00000000e+00, 0.00000000e+00, 0.00000000e+00, ...,
         0.00000000e+00, 0.00000000e+00, 0.00000000e+00],
        [0.00000000e+00, 0.00000000e+00, 0.00000000e+00, ...,
         0.00000000e+00, 0.00000000e+00, 0.00000000e+00],
        [0.00000000e+00, 0.00000000e+00, 0.00000000e+00, ...,
         0.00000000e+00, 0.00000000e+00, 0.00000000e+00]])], ['weights', matrix([[1.        , 0.15997864, 0.58354364, ..., 0.        , 0.        ,
         0.        ],
        [0.15997864, 0.02559316, 0.09335452, ..., 0.        , 0.        ,
         0.        ],
        [0.58354364, 0.09335452, 0.34052318, ..., 0.        , 0.        ,
         0.        ],
        ...,
        [0.        , 0.        , 0.        , ..., 0.        , 0.        ,
         0.        ],
        [0.        , 0.        , 0.        , ..., 0.        , 0.        ,
         0.        ],
        [0.        , 0.        , 0.        , ..., 0.        , 0.        ,
         0.        ]])], ['weights', matrix([[1.00000000e+00, 1.57741900e-04, 1.94621457e-01, ...,
         0.00000000e+00, 0.00000000e+00, 0.00000000e+00],
        [1.57741900e-04, 2.48825070e-08, 3.06999585e-05, ...,
         0.00000000e+00, 0.00000000e+00, 0.00000000e+00],
        [1.94621457e-01, 3.06999585e-05, 3.78775117e-02, ...,
         0.00000000e+00, 0.00000000e+00, 0.00000000e+00],
        ...,
        [0.00000000e+00, 0.00000000e+00, 0.00000000e+00, ...,
         0.00000000e+00, 0.00000000e+00, 0.00000000e+00],
        [0.00000000e+00, 0.00000000e+00, 0.00000000e+00, ...,
         0.00000000e+00, 0.00000000e+00, 0.00000000e+00],
        [0.00000000e+00, 0.00000000e+00, 0.00000000e+00, ...,
         0.00000000e+00, 0.00000000e+00, 0.00000000e+00]])], ['weights', matrix([[1.        , 0.61063293, 0.5130875 , ..., 0.        , 0.        ,
         0.        ],
        [0.61063293, 0.37287257, 0.31330812, ..., 0.        , 0.        ,
         0.        ],
        [0.5130875 , 0.31330812, 0.26325878, ..., 0.        , 0.        ,
         0.        ],
        ...,
        [0.        , 0.        , 0.        , ..., 0.        , 0.        ,
         0.        ],
        [0.        , 0.        , 0.        , ..., 0.        , 0.        ,
         0.        ],
        [0.        , 0.        , 0.        , ..., 0.        , 0.        ,
         0.        ]])], ['weights', matrix([[1.        , 0.13459032, 0.25020037, ..., 0.        , 0.        ,
         0.        ],
        [0.13459032, 0.01811455, 0.03367455, ..., 0.        , 0.        ,
         0.        ],
        [0.25020037, 0.03367455, 0.06260022, ..., 0.        , 0.        ,
         0.        ],
        ...,
        [0.        , 0.        , 0.        , ..., 0.        , 0.        ,
         0.        ],
        [0.        , 0.        , 0.        , ..., 0.        , 0.        ,
         0.        ],
        [0.        , 0.        , 0.        , ..., 0.        , 0.        ,
         0.        ]])], ['weights', matrix([[1.        , 0.99141115, 0.21970587, ..., 0.        , 0.        ,
         0.        ],
        [0.99141115, 0.98289607, 0.21781885, ..., 0.        , 0.        ,
         0.        ],
        [0.21970587, 0.21781885, 0.04827067, ..., 0.        , 0.        ,
         0.        ],
        ...,
        [0.        , 0.        , 0.        , ..., 0.        , 0.        ,
         0.        ],
        [0.        , 0.        , 0.        , ..., 0.        , 0.        ,
         0.        ],
        [0.        , 0.        , 0.        , ..., 0.        , 0.        ,
         0.        ]])], ['weights', matrix([[1.00000000e+00, 1.36215920e-03, 2.50628013e-01, ...,
         0.00000000e+00, 0.00000000e+00, 0.00000000e+00],
        [1.36215920e-03, 1.85547769e-06, 3.41395253e-04, ...,
         0.00000000e+00, 0.00000000e+00, 0.00000000e+00],
        [2.50628013e-01, 3.41395253e-04, 6.28144008e-02, ...,
         0.00000000e+00, 0.00000000e+00, 0.00000000e+00],
        ...,
        [0.00000000e+00, 0.00000000e+00, 0.00000000e+00, ...,
         0.00000000e+00, 0.00000000e+00, 0.00000000e+00],
        [0.00000000e+00, 0.00000000e+00, 0.00000000e+00, ...,
         0.00000000e+00, 0.00000000e+00, 0.00000000e+00],
        [0.00000000e+00, 0.00000000e+00, 0.00000000e+00, ...,
         0.00000000e+00, 0.00000000e+00, 0.00000000e+00]])], ['weights', matrix([[1.        , 0.69469757, 0.33281454, ..., 0.        , 0.        ,
         0.        ],
        [0.69469757, 0.48260471, 0.23120545, ..., 0.        , 0.        ,
         0.        ],
        [0.33281454, 0.23120545, 0.11076552, ..., 0.        , 0.        ,
         0.        ],
        ...,
        [0.        , 0.        , 0.        , ..., 0.        , 0.        ,
         0.        ],
        [0.        , 0.        , 0.        , ..., 0.        , 0.        ,
         0.        ],
        [0.        , 0.        , 0.        , ..., 0.        , 0.        ,
         0.        ]])], ['weights', matrix([[1.        , 0.13322534, 0.63099036, ..., 0.        , 0.        ,
         0.        ],
        [0.13322534, 0.01774899, 0.08406391, ..., 0.        , 0.        ,
         0.        ],
        [0.63099036, 0.08406391, 0.39814884, ..., 0.        , 0.        ,
         0.        ],
        ...,
        [0.        , 0.        , 0.        , ..., 0.        , 0.        ,
         0.        ],
        [0.        , 0.        , 0.        , ..., 0.        , 0.        ,
         0.        ],
        [0.        , 0.        , 0.        , ..., 0.        , 0.        ,
         0.        ]])], ['weights', matrix([[1.        , 0.04955689, 0.36132014, ..., 0.        , 0.        ,
         0.        ],
        [0.04955689, 0.00245589, 0.0179059 , ..., 0.        , 0.        ,
         0.        ],
        [0.36132014, 0.0179059 , 0.13055225, ..., 0.        , 0.        ,
         0.        ],
        ...,
        [0.        , 0.        , 0.        , ..., 0.        , 0.        ,
         0.        ],
        [0.        , 0.        , 0.        , ..., 0.        , 0.        ,
         0.        ],
        [0.        , 0.        , 0.        , ..., 0.        , 0.        ,
         0.        ]])], ['weights', matrix([[1.        , 0.80509272, 0.46990246, ..., 0.        , 0.        ,
         0.        ],
        [0.80509272, 0.64817429, 0.37831505, ..., 0.        , 0.        ,
         0.        ],
        [0.46990246, 0.37831505, 0.22080833, ..., 0.        , 0.        ,
         0.        ],
        ...,
        [0.        , 0.        , 0.        , ..., 0.        , 0.        ,
         0.        ],
        [0.        , 0.        , 0.        , ..., 0.        , 0.        ,
         0.        ],
        [0.        , 0.        , 0.        , ..., 0.        , 0.        ,
         0.        ]])], ['weights', matrix([[1.00000000e+00, 8.19310000e-06, 2.85180780e-01, ...,
         0.00000000e+00, 0.00000000e+00, 0.00000000e+00],
        [8.19310000e-06, 6.71268876e-11, 2.33651465e-06, ...,
         0.00000000e+00, 0.00000000e+00, 0.00000000e+00],
        [2.85180780e-01, 2.33651465e-06, 8.13280771e-02, ...,
         0.00000000e+00, 0.00000000e+00, 0.00000000e+00],
        ...,
        [0.00000000e+00, 0.00000000e+00, 0.00000000e+00, ...,
         0.00000000e+00, 0.00000000e+00, 0.00000000e+00],
        [0.00000000e+00, 0.00000000e+00, 0.00000000e+00, ...,
         0.00000000e+00, 0.00000000e+00, 0.00000000e+00],
        [0.00000000e+00, 0.00000000e+00, 0.00000000e+00, ...,
         0.00000000e+00, 0.00000000e+00, 0.00000000e+00]])], ['weights', matrix([[1.00000000e+00, 1.17549300e-03, 1.33595913e-01, ...,
         0.00000000e+00, 0.00000000e+00, 0.00000000e+00],
        [1.17549300e-03, 1.38178379e-06, 1.57041060e-04, ...,
         0.00000000e+00, 0.00000000e+00, 0.00000000e+00],
        [1.33595913e-01, 1.57041060e-04, 1.78478679e-02, ...,
         0.00000000e+00, 0.00000000e+00, 0.00000000e+00],
        ...,
        [0.00000000e+00, 0.00000000e+00, 0.00000000e+00, ...,
         0.00000000e+00, 0.00000000e+00, 0.00000000e+00],
        [0.00000000e+00, 0.00000000e+00, 0.00000000e+00, ...,
         0.00000000e+00, 0.00000000e+00, 0.00000000e+00],
        [0.00000000e+00, 0.00000000e+00, 0.00000000e+00, ...,
         0.00000000e+00, 0.00000000e+00, 0.00000000e+00]])], ['weights', matrix([[1.        , 0.40923345, 0.31408415, ..., 0.        , 0.        ,
         0.        ],
        [0.40923345, 0.16747201, 0.12853374, ..., 0.        , 0.        ,
         0.        ],
        [0.31408415, 0.12853374, 0.09864885, ..., 0.        , 0.        ,
         0.        ],
        ...,
        [0.        , 0.        , 0.        , ..., 0.        , 0.        ,
         0.        ],
        [0.        , 0.        , 0.        , ..., 0.        , 0.        ,
         0.        ],
        [0.        , 0.        , 0.        , ..., 0.        , 0.        ,
         0.        ]])], ['weights', matrix([[1.        , 0.78439254, 0.35925909, ..., 0.        , 0.        ,
         0.        ],
        [0.78439254, 0.61527165, 0.28180015, ..., 0.        , 0.        ,
         0.        ],
        [0.35925909, 0.28180015, 0.12906709, ..., 0.        , 0.        ,
         0.        ],
        ...,
        [0.        , 0.        , 0.        , ..., 0.        , 0.        ,
         0.        ],
        [0.        , 0.        , 0.        , ..., 0.        , 0.        ,
         0.        ],
        [0.        , 0.        , 0.        , ..., 0.        , 0.        ,
         0.        ]])], ['weights', matrix([[1.        , 0.97648027, 0.24472044, ..., 0.        , 0.        ,
         0.        ],
        [0.97648027, 0.95351372, 0.23896468, ..., 0.        , 0.        ,
         0.        ],
        [0.24472044, 0.23896468, 0.05988809, ..., 0.        , 0.        ,
         0.        ],
        ...,
        [0.        , 0.        , 0.        , ..., 0.        , 0.        ,
         0.        ],
        [0.        , 0.        , 0.        , ..., 0.        , 0.        ,
         0.        ],
        [0.        , 0.        , 0.        , ..., 0.        , 0.        ,
         0.        ]])], ['weights', matrix([[1.        , 0.57398484, 0.32178741, ..., 0.        , 0.        ,
         0.        ],
        [0.57398484, 0.3294586 , 0.1847011 , ..., 0.        , 0.        ,
         0.        ],
        [0.32178741, 0.1847011 , 0.10354714, ..., 0.        , 0.        ,
         0.        ],
        ...,
        [0.        , 0.        , 0.        , ..., 0.        , 0.        ,
         0.        ],
        [0.        , 0.        , 0.        , ..., 0.        , 0.        ,
         0.        ],
        [0.        , 0.        , 0.        , ..., 0.        , 0.        ,
         0.        ]])], ['weights', matrix([[1.        , 0.84237589, 0.6353572 , ..., 0.        , 0.        ,
         0.        ],
        [0.84237589, 0.70959714, 0.53520958, ..., 0.        , 0.        ,
         0.        ],
        [0.6353572 , 0.53520958, 0.40367877, ..., 0.        , 0.        ,
         0.        ],
        ...,
        [0.        , 0.        , 0.        , ..., 0.        , 0.        ,
         0.        ],
        [0.        , 0.        , 0.        , ..., 0.        , 0.        ,
         0.        ],
        [0.        , 0.        , 0.        , ..., 0.        , 0.        ,
         0.        ]])], ['weights', matrix([[1.        , 0.5782625 , 0.27069209, ..., 0.        , 0.        ,
         0.        ],
        [0.5782625 , 0.33438752, 0.15653108, ..., 0.        , 0.        ,
         0.        ],
        [0.27069209, 0.15653108, 0.07327421, ..., 0.        , 0.        ,
         0.        ],
        ...,
        [0.        , 0.        , 0.        , ..., 0.        , 0.        ,
         0.        ],
        [0.        , 0.        , 0.        , ..., 0.        , 0.        ,
         0.        ],
        [0.        , 0.        , 0.        , ..., 0.        , 0.        ,
         0.        ]])], ['weights', matrix([[1.        , 0.21513441, 0.42144045, ..., 0.        , 0.        ,
         0.        ],
        [0.21513441, 0.04628282, 0.09066634, ..., 0.        , 0.        ,
         0.        ],
        [0.42144045, 0.09066634, 0.17761205, ..., 0.        , 0.        ,
         0.        ],
        ...,
        [0.        , 0.        , 0.        , ..., 0.        , 0.        ,
         0.        ],
        [0.        , 0.        , 0.        , ..., 0.        , 0.        ,
         0.        ],
        [0.        , 0.        , 0.        , ..., 0.        , 0.        ,
         0.        ]])], ['weights', matrix([[1.        , 0.49835563, 0.40787327, ..., 0.        , 0.        ,
         0.        ],
        [0.49835563, 0.24835834, 0.20326594, ..., 0.        , 0.        ,
         0.        ],
        [0.40787327, 0.20326594, 0.1663606 , ..., 0.        , 0.        ,
         0.        ],
        ...,
        [0.        , 0.        , 0.        , ..., 0.        , 0.        ,
         0.        ],
        [0.        , 0.        , 0.        , ..., 0.        , 0.        ,
         0.        ],
        [0.        , 0.        , 0.        , ..., 0.        , 0.        ,
         0.        ]])], ['weights', matrix([[1.        , 0.26178813, 0.30194004, ..., 0.        , 0.        ,
         0.        ],
        [0.26178813, 0.06853303, 0.07904432, ..., 0.        , 0.        ,
         0.        ],
        [0.30194004, 0.07904432, 0.09116779, ..., 0.        , 0.        ,
         0.        ],
        ...,
        [0.        , 0.        , 0.        , ..., 0.        , 0.        ,
         0.        ],
        [0.        , 0.        , 0.        , ..., 0.        , 0.        ,
         0.        ],
        [0.        , 0.        , 0.        , ..., 0.        , 0.        ,
         0.        ]])], ['weights', matrix([[1.00000000e+00, 2.02898300e-04, 3.26123298e-01, ...,
         0.00000000e+00, 0.00000000e+00, 0.00000000e+00],
        [2.02898300e-04, 4.11677201e-08, 6.61698627e-05, ...,
         0.00000000e+00, 0.00000000e+00, 0.00000000e+00],
        [3.26123298e-01, 6.61698627e-05, 1.06356405e-01, ...,
         0.00000000e+00, 0.00000000e+00, 0.00000000e+00],
        ...,
        [0.00000000e+00, 0.00000000e+00, 0.00000000e+00, ...,
         0.00000000e+00, 0.00000000e+00, 0.00000000e+00],
        [0.00000000e+00, 0.00000000e+00, 0.00000000e+00, ...,
         0.00000000e+00, 0.00000000e+00, 0.00000000e+00],
        [0.00000000e+00, 0.00000000e+00, 0.00000000e+00, ...,
         0.00000000e+00, 0.00000000e+00, 0.00000000e+00]])], ['weights', matrix([[1.        , 0.88405179, 0.4683672 , ..., 0.        , 0.        ,
         0.        ],
        [0.88405179, 0.78154756, 0.41406086, ..., 0.        , 0.        ,
         0.        ],
        [0.4683672 , 0.41406086, 0.21936783, ..., 0.        , 0.        ,
         0.        ],
        ...,
        [0.        , 0.        , 0.        , ..., 0.        , 0.        ,
         0.        ],
        [0.        , 0.        , 0.        , ..., 0.        , 0.        ,
         0.        ],
        [0.        , 0.        , 0.        , ..., 0.        , 0.        ,
         0.        ]])], ['weights', matrix([[1.        , 0.68698562, 0.46777314, ..., 0.        , 0.        ,
         0.        ],
        [0.68698562, 0.47194924, 0.32135342, ..., 0.        , 0.        ,
         0.        ],
        [0.46777314, 0.32135342, 0.21881171, ..., 0.        , 0.        ,
         0.        ],
        ...,
        [0.        , 0.        , 0.        , ..., 0.        , 0.        ,
         0.        ],
        [0.        , 0.        , 0.        , ..., 0.        , 0.        ,
         0.        ],
        [0.        , 0.        , 0.        , ..., 0.        , 0.        ,
         0.        ]])], ['weights', matrix([[1.        , 0.39679337, 0.57411654, ..., 0.        , 0.        ,
         0.        ],
        [0.39679337, 0.15744498, 0.22780563, ..., 0.        , 0.        ,
         0.        ],
        [0.57411654, 0.22780563, 0.3296098 , ..., 0.        , 0.        ,
         0.        ],
        ...,
        [0.        , 0.        , 0.        , ..., 0.        , 0.        ,
         0.        ],
        [0.        , 0.        , 0.        , ..., 0.        , 0.        ,
         0.        ],
        [0.        , 0.        , 0.        , ..., 0.        , 0.        ,
         0.        ]])], ['weights', matrix([[1.        , 0.58608421, 0.20367097, ..., 0.        , 0.        ,
         0.        ],
        [0.58608421, 0.34349471, 0.11936834, ..., 0.        , 0.        ,
         0.        ],
        [0.20367097, 0.11936834, 0.04148186, ..., 0.        , 0.        ,
         0.        ],
        ...,
        [0.        , 0.        , 0.        , ..., 0.        , 0.        ,
         0.        ],
        [0.        , 0.        , 0.        , ..., 0.        , 0.        ,
         0.        ],
        [0.        , 0.        , 0.        , ..., 0.        , 0.        ,
         0.        ]])], ['weights', matrix([[1.        , 0.14525566, 0.27199387, ..., 0.        , 0.        ,
         0.        ],
        [0.14525566, 0.02109921, 0.03950865, ..., 0.        , 0.        ,
         0.        ],
        [0.27199387, 0.03950865, 0.07398066, ..., 0.        , 0.        ,
         0.        ],
        ...,
        [0.        , 0.        , 0.        , ..., 0.        , 0.        ,
         0.        ],
        [0.        , 0.        , 0.        , ..., 0.        , 0.        ,
         0.        ],
        [0.        , 0.        , 0.        , ..., 0.        , 0.        ,
         0.        ]])], ['weights', matrix([[1.        , 0.8380929 , 0.34546506, ..., 0.        , 0.        ,
         0.        ],
        [0.8380929 , 0.70239971, 0.28953181, ..., 0.        , 0.        ,
         0.        ],
        [0.34546506, 0.28953181, 0.11934611, ..., 0.        , 0.        ,
         0.        ],
        ...,
        [0.        , 0.        , 0.        , ..., 0.        , 0.        ,
         0.        ],
        [0.        , 0.        , 0.        , ..., 0.        , 0.        ,
         0.        ],
        [0.        , 0.        , 0.        , ..., 0.        , 0.        ,
         0.        ]])], ['weights', matrix([[1.00000000e+00, 2.22518991e-02, 3.86742042e-01, ...,
         0.00000000e+00, 0.00000000e+00, 0.00000000e+00],
        [2.22518991e-02, 4.95147014e-04, 8.60574490e-03, ...,
         0.00000000e+00, 0.00000000e+00, 0.00000000e+00],
        [3.86742042e-01, 8.60574490e-03, 1.49569407e-01, ...,
         0.00000000e+00, 0.00000000e+00, 0.00000000e+00],
        ...,
        [0.00000000e+00, 0.00000000e+00, 0.00000000e+00, ...,
         0.00000000e+00, 0.00000000e+00, 0.00000000e+00],
        [0.00000000e+00, 0.00000000e+00, 0.00000000e+00, ...,
         0.00000000e+00, 0.00000000e+00, 0.00000000e+00],
        [0.00000000e+00, 0.00000000e+00, 0.00000000e+00, ...,
         0.00000000e+00, 0.00000000e+00, 0.00000000e+00]])], ['weights', matrix([[1.        , 0.71478284, 0.49568493, ..., 0.        , 0.        ,
         0.        ],
        [0.71478284, 0.51091452, 0.35430708, ..., 0.        , 0.        ,
         0.        ],
        [0.49568493, 0.35430708, 0.24570355, ..., 0.        , 0.        ,
         0.        ],
        ...,
        [0.        , 0.        , 0.        , ..., 0.        , 0.        ,
         0.        ],
        [0.        , 0.        , 0.        , ..., 0.        , 0.        ,
         0.        ],
        [0.        , 0.        , 0.        , ..., 0.        , 0.        ,
         0.        ]])], ['weights', matrix([[1.        , 0.03992749, 0.14766674, ..., 0.        , 0.        ,
         0.        ],
        [0.03992749, 0.0015942 , 0.00589596, ..., 0.        , 0.        ,
         0.        ],
        [0.14766674, 0.00589596, 0.02180546, ..., 0.        , 0.        ,
         0.        ],
        ...,
        [0.        , 0.        , 0.        , ..., 0.        , 0.        ,
         0.        ],
        [0.        , 0.        , 0.        , ..., 0.        , 0.        ,
         0.        ],
        [0.        , 0.        , 0.        , ..., 0.        , 0.        ,
         0.        ]])], ['weights', matrix([[1.        , 0.97611652, 0.36914738, ..., 0.        , 0.        ,
         0.        ],
        [0.97611652, 0.95280346, 0.36033085, ..., 0.        , 0.        ,
         0.        ],
        [0.36914738, 0.36033085, 0.13626979, ..., 0.        , 0.        ,
         0.        ],
        ...,
        [0.        , 0.        , 0.        , ..., 0.        , 0.        ,
         0.        ],
        [0.        , 0.        , 0.        , ..., 0.        , 0.        ,
         0.        ],
        [0.        , 0.        , 0.        , ..., 0.        , 0.        ,
         0.        ]])], ['weights', matrix([[1.        , 0.89263287, 0.40307323, ..., 0.        , 0.        ,
         0.        ],
        [0.89263287, 0.79679344, 0.35979642, ..., 0.        , 0.        ,
         0.        ],
        [0.40307323, 0.35979642, 0.16246803, ..., 0.        , 0.        ,
         0.        ],
        ...,
        [0.        , 0.        , 0.        , ..., 0.        , 0.        ,
         0.        ],
        [0.        , 0.        , 0.        , ..., 0.        , 0.        ,
         0.        ],
        [0.        , 0.        , 0.        , ..., 0.        , 0.        ,
         0.        ]])], ['weights', matrix([[1.        , 0.04016748, 0.39491541, ..., 0.        , 0.        ,
         0.        ],
        [0.04016748, 0.00161343, 0.01586276, ..., 0.        , 0.        ,
         0.        ],
        [0.39491541, 0.01586276, 0.15595818, ..., 0.        , 0.        ,
         0.        ],
        ...,
        [0.        , 0.        , 0.        , ..., 0.        , 0.        ,
         0.        ],
        [0.        , 0.        , 0.        , ..., 0.        , 0.        ,
         0.        ],
        [0.        , 0.        , 0.        , ..., 0.        , 0.        ,
         0.        ]])], ['weights', matrix([[1.00000000e+00, 9.59386430e-03, 2.34680608e-01, ...,
         0.00000000e+00, 0.00000000e+00, 0.00000000e+00],
        [9.59386430e-03, 9.20422322e-05, 2.25149391e-03, ...,
         0.00000000e+00, 0.00000000e+00, 0.00000000e+00],
        [2.34680608e-01, 2.25149391e-03, 5.50749879e-02, ...,
         0.00000000e+00, 0.00000000e+00, 0.00000000e+00],
        ...,
        [0.00000000e+00, 0.00000000e+00, 0.00000000e+00, ...,
         0.00000000e+00, 0.00000000e+00, 0.00000000e+00],
        [0.00000000e+00, 0.00000000e+00, 0.00000000e+00, ...,
         0.00000000e+00, 0.00000000e+00, 0.00000000e+00],
        [0.00000000e+00, 0.00000000e+00, 0.00000000e+00, ...,
         0.00000000e+00, 0.00000000e+00, 0.00000000e+00]])], ['weights', matrix([[1.        , 0.04694979, 0.66037219, ..., 0.        , 0.        ,
         0.        ],
        [0.04694979, 0.00220428, 0.03100433, ..., 0.        , 0.        ,
         0.        ],
        [0.66037219, 0.03100433, 0.43609143, ..., 0.        , 0.        ,
         0.        ],
        ...,
        [0.        , 0.        , 0.        , ..., 0.        , 0.        ,
         0.        ],
        [0.        , 0.        , 0.        , ..., 0.        , 0.        ,
         0.        ],
        [0.        , 0.        , 0.        , ..., 0.        , 0.        ,
         0.        ]])], ['weights', matrix([[1.        , 0.48112091, 0.45637353, ..., 0.        , 0.        ,
         0.        ],
        [0.48112091, 0.23147733, 0.21957085, ..., 0.        , 0.        ,
         0.        ],
        [0.45637353, 0.21957085, 0.2082768 , ..., 0.        , 0.        ,
         0.        ],
        ...,
        [0.        , 0.        , 0.        , ..., 0.        , 0.        ,
         0.        ],
        [0.        , 0.        , 0.        , ..., 0.        , 0.        ,
         0.        ],
        [0.        , 0.        , 0.        , ..., 0.        , 0.        ,
         0.        ]])], ['weights', matrix([[1.        , 0.94765184, 0.59097391, ..., 0.        , 0.        ,
         0.        ],
        [0.94765184, 0.898044  , 0.56003751, ..., 0.        , 0.        ,
         0.        ],
        [0.59097391, 0.56003751, 0.34925016, ..., 0.        , 0.        ,
         0.        ],
        ...,
        [0.        , 0.        , 0.        , ..., 0.        , 0.        ,
         0.        ],
        [0.        , 0.        , 0.        , ..., 0.        , 0.        ,
         0.        ],
        [0.        , 0.        , 0.        , ..., 0.        , 0.        ,
         0.        ]])], ['weights', matrix([[1.        , 0.22108329, 0.19491742, ..., 0.        , 0.        ,
         0.        ],
        [0.22108329, 0.04887782, 0.04309299, ..., 0.        , 0.        ,
         0.        ],
        [0.19491742, 0.04309299, 0.0379928 , ..., 0.        , 0.        ,
         0.        ],
        ...,
        [0.        , 0.        , 0.        , ..., 0.        , 0.        ,
         0.        ],
        [0.        , 0.        , 0.        , ..., 0.        , 0.        ,
         0.        ],
        [0.        , 0.        , 0.        , ..., 0.        , 0.        ,
         0.        ]])], ['weights', matrix([[1.        , 0.52171843, 0.07180625, ..., 0.        , 0.        ,
         0.        ],
        [0.52171843, 0.27219012, 0.03746264, ..., 0.        , 0.        ,
         0.        ],
        [0.07180625, 0.03746264, 0.00515614, ..., 0.        , 0.        ,
         0.        ],
        ...,
        [0.        , 0.        , 0.        , ..., 0.        , 0.        ,
         0.        ],
        [0.        , 0.        , 0.        , ..., 0.        , 0.        ,
         0.        ],
        [0.        , 0.        , 0.        , ..., 0.        , 0.        ,
         0.        ]])], ['weights', matrix([[1.        , 0.97600441, 0.54941164, ..., 0.        , 0.        ,
         0.        ],
        [0.97600441, 0.95258461, 0.53622819, ..., 0.        , 0.        ,
         0.        ],
        [0.54941164, 0.53622819, 0.30185315, ..., 0.        , 0.        ,
         0.        ],
        ...,
        [0.        , 0.        , 0.        , ..., 0.        , 0.        ,
         0.        ],
        [0.        , 0.        , 0.        , ..., 0.        , 0.        ,
         0.        ],
        [0.        , 0.        , 0.        , ..., 0.        , 0.        ,
         0.        ]])], ['weights', matrix([[1.00000000e+00, 8.18144800e-04, 2.34977595e-01, ...,
         0.00000000e+00, 0.00000000e+00, 0.00000000e+00],
        [8.18144800e-04, 6.69360914e-07, 1.92245697e-04, ...,
         0.00000000e+00, 0.00000000e+00, 0.00000000e+00],
        [2.34977595e-01, 1.92245697e-04, 5.52144701e-02, ...,
         0.00000000e+00, 0.00000000e+00, 0.00000000e+00],
        ...,
        [0.00000000e+00, 0.00000000e+00, 0.00000000e+00, ...,
         0.00000000e+00, 0.00000000e+00, 0.00000000e+00],
        [0.00000000e+00, 0.00000000e+00, 0.00000000e+00, ...,
         0.00000000e+00, 0.00000000e+00, 0.00000000e+00],
        [0.00000000e+00, 0.00000000e+00, 0.00000000e+00, ...,
         0.00000000e+00, 0.00000000e+00, 0.00000000e+00]])], ['weights', matrix([[1.        , 0.24999758, 0.56669277, ..., 0.        , 0.        ,
         0.        ],
